follow = oPlatform;
xOffset = 0;
yOffset = 0;
xscale_ratio = 1.453521119;
yscale_ratio = 0.5236410859;